for i = linspace(0.5, 40, 80)
i
gather_data(i, 10)'
end

i =

    0.5000


ans =

   1.0e+09 *

    0.0000
    0.0000
    0.0000
    0.0000
    0.0000
    0.0000
    0.0000
    0.0007
    0.0111
    0.2031
    4.1014


i =

     1


ans =

   1.0e+06 *

    0.0000
    0.0000
    0.0000
    0.0000
    0.0000
    0.0000
    0.0002
    0.0016
    0.0132
    0.1203
    1.2147


i =

    1.5000


ans =

   1.0e+03 *

    0.0000
    0.0001
    0.0000
    0.0003
    0.0005
    0.0021
    0.0080
    0.0386
    0.2083
    1.2653
    8.5173


i =

     2


ans =

    0.0188
    0.0489
    0.0151
    0.0827
    0.0357
    0.2604
    0.6066
    2.3855
    9.4404
   43.2637
  218.1409


i =

    2.5000


ans =

    0.0079
    0.0249
    0.0144
    0.0333
    0.0081
    0.0585
    0.0585
    0.2627
    0.7476
    2.8393
   11.3429


i =

     3


ans =

    0.0035
    0.0130
    0.0094
    0.0155
    0.0090
    0.0199
    0.0011
    0.0466
    0.0778
    0.2887
    0.9149


i =

    3.5000


ans =

    0.0017
    0.0070
    0.0056
    0.0078
    0.0058
    0.0086
    0.0041
    0.0129
    0.0068
    0.0428
    0.0963


i =

     4


ans =

    0.0008
    0.0038
    0.0032
    0.0041
    0.0034
    0.0042
    0.0031
    0.0050
    0.0013
    0.0095
    0.0106


i =

    4.5000


ans =

    0.0004
    0.0021
    0.0018
    0.0022
    0.0020
    0.0022
    0.0019
    0.0024
    0.0015
    0.0031
    0.0003


i =

     5


ans =

    0.0002
    0.0011
    0.0010
    0.0012
    0.0011
    0.0012
    0.0011
    0.0012
    0.0010
    0.0014
    0.0007


i =

    5.5000


ans =

   1.0e-03 *

    0.1021
    0.6409
    0.5918
    0.6588
    0.6247
    0.6557
    0.6243
    0.6625
    0.6091
    0.6937
    0.5441


i =

     6


ans =

   1.0e-03 *

    0.0530
    0.3601
    0.3371
    0.3677
    0.3537
    0.3654
    0.3546
    0.3666
    0.3513
    0.3735
    0.3375


i =

    6.5000


ans =

   1.0e-03 *

    0.0279
    0.2034
    0.1925
    0.2068
    0.2008
    0.2054
    0.2015
    0.2055
    0.2008
    0.2071
    0.1978


i =

     7


ans =

   1.0e-03 *

    0.0148
    0.1155
    0.1102
    0.1170
    0.1144
    0.1163
    0.1148
    0.1162
    0.1147
    0.1165
    0.1140


i =

    7.5000


ans =

   1.0e-04 *

    0.0791
    0.6583
    0.6321
    0.6653
    0.6536
    0.6614
    0.6557
    0.6608
    0.6557
    0.6615
    0.6540


i =

     8


ans =

   1.0e-04 *

    0.0427
    0.3767
    0.3636
    0.3799
    0.3746
    0.3779
    0.3757
    0.3775
    0.3758
    0.3777
    0.3754


i =

    8.5000


ans =

   1.0e-04 *

    0.0232
    0.2162
    0.2096
    0.2178
    0.2153
    0.2168
    0.2158
    0.2165
    0.2159
    0.2165
    0.2158


i =

     9


ans =

   1.0e-04 *

    0.0126
    0.1245
    0.1211
    0.1252
    0.1241
    0.1247
    0.1243
    0.1246
    0.1244
    0.1246
    0.1243


i =

    9.5000


ans =

   1.0e-05 *

    0.0694
    0.7185
    0.7010
    0.7222
    0.7165
    0.7195
    0.7178
    0.7190
    0.7181
    0.7189
    0.7180


i =

    10


ans =

   1.0e-05 *

    0.0383
    0.4157
    0.4066
    0.4175
    0.4148
    0.4162
    0.4154
    0.4159
    0.4155
    0.4158
    0.4155


i =

   10.5000


ans =

   1.0e-05 *

    0.0212
    0.2410
    0.2363
    0.2419
    0.2406
    0.2412
    0.2409
    0.2411
    0.2410
    0.2411
    0.2410


i =

    11


ans =

   1.0e-05 *

    0.0118
    0.1400
    0.1375
    0.1405
    0.1398
    0.1401
    0.1400
    0.1401
    0.1400
    0.1401
    0.1400


i =

   11.5000


ans =

   1.0e-06 *

    0.0659
    0.8150
    0.8017
    0.8173
    0.8140
    0.8154
    0.8147
    0.8151
    0.8149
    0.8151
    0.8149


i =

    12


ans =

   1.0e-06 *

    0.0369
    0.4751
    0.4680
    0.4763
    0.4746
    0.4753
    0.4750
    0.4752
    0.4751
    0.4751
    0.4751


i =

   12.5000


ans =

   1.0e-06 *

    0.0207
    0.2774
    0.2736
    0.2780
    0.2772
    0.2775
    0.2773
    0.2774
    0.2774
    0.2774
    0.2774


i =

    13


ans =

   1.0e-06 *

    0.0117
    0.1622
    0.1601
    0.1625
    0.1621
    0.1622
    0.1622
    0.1622
    0.1622
    0.1622
    0.1622


i =

   13.5000


ans =

   1.0e-07 *

    0.0660
    0.9495
    0.9384
    0.9512
    0.9489
    0.9497
    0.9494
    0.9496
    0.9495
    0.9495
    0.9495


i =

    14


ans =

   1.0e-07 *

    0.0374
    0.5566
    0.5505
    0.5574
    0.5563
    0.5567
    0.5565
    0.5566
    0.5565
    0.5566
    0.5566


i =

   14.5000


ans =

   1.0e-07 *

    0.0212
    0.3266
    0.3233
    0.3271
    0.3264
    0.3267
    0.3266
    0.3266
    0.3266
    0.3266
    0.3266


i =

    15


ans =

   1.0e-07 *

    0.0121
    0.1919
    0.1901
    0.1921
    0.1918
    0.1919
    0.1919
    0.1919
    0.1919
    0.1919
    0.1919


i =

   15.5000


ans =

   1.0e-07 *

    0.0069
    0.1128
    0.1118
    0.1130
    0.1128
    0.1128
    0.1128
    0.1128
    0.1128
    0.1128
    0.1128


i =

    16


ans =

   1.0e-08 *

    0.0393
    0.6640
    0.6586
    0.6647
    0.6638
    0.6641
    0.6640
    0.6641
    0.6640
    0.6641
    0.6640


i =

   16.5000


ans =

   1.0e-08 *

    0.0225
    0.3912
    0.3882
    0.3916
    0.3911
    0.3912
    0.3912
    0.3912
    0.3912
    0.3912
    0.3912


i =

    17


ans =

   1.0e-08 *

    0.0129
    0.2306
    0.2290
    0.2308
    0.2306
    0.2307
    0.2306
    0.2306
    0.2306
    0.2306
    0.2306


i =

   17.5000


ans =

   1.0e-08 *

    0.0074
    0.1361
    0.1352
    0.1362
    0.1361
    0.1361
    0.1361
    0.1361
    0.1361
    0.1361
    0.1361


i =

    18


ans =

   1.0e-09 *

    0.0425
    0.8036
    0.7984
    0.8042
    0.8034
    0.8037
    0.8036
    0.8036
    0.8036
    0.8036
    0.8036


i =

   18.5000


ans =

   1.0e-09 *

    0.0245
    0.4749
    0.4719
    0.4752
    0.4748
    0.4749
    0.4748
    0.4749
    0.4749
    0.4749
    0.4749


i =

    19


ans =

   1.0e-09 *

    0.0141
    0.2808
    0.2791
    0.2810
    0.2807
    0.2808
    0.2808
    0.2808
    0.2808
    0.2808
    0.2808


i =

   19.5000


ans =

   1.0e-09 *

    0.0081
    0.1661
    0.1652
    0.1662
    0.1661
    0.1661
    0.1661
    0.1661
    0.1661
    0.1661
    0.1661


i =

    20


ans =

   1.0e-10 *

    0.0470
    0.9836
    0.9784
    0.9841
    0.9834
    0.9836
    0.9835
    0.9836
    0.9836
    0.9836
    0.9836


i =

   20.5000


ans =

   1.0e-10 *

    0.0272
    0.5826
    0.5797
    0.5829
    0.5826
    0.5826
    0.5826
    0.5826
    0.5826
    0.5826
    0.5826


i =

    21


ans =

   1.0e-10 *

    0.0158
    0.3453
    0.3437
    0.3455
    0.3453
    0.3453
    0.3453
    0.3453
    0.3453
    0.3453
    0.3453


i =

   21.5000


ans =

   1.0e-10 *

    0.0091
    0.2048
    0.2039
    0.2049
    0.2048
    0.2048
    0.2048
    0.2048
    0.2048
    0.2048
    0.2048


i =

    22


ans =

   1.0e-10 *

    0.0053
    0.1215
    0.1210
    0.1215
    0.1215
    0.1215
    0.1215
    0.1215
    0.1215
    0.1215
    0.1215


i =

   22.5000


ans =

   1.0e-11 *

    0.0308
    0.7212
    0.7182
    0.7214
    0.7211
    0.7212
    0.7212
    0.7212
    0.7212
    0.7212
    0.7212


i =

    23


ans =

   1.0e-11 *

    0.0179
    0.4283
    0.4266
    0.4284
    0.4282
    0.4283
    0.4283
    0.4283
    0.4283
    0.4283
    0.4283


i =

   23.5000


ans =

   1.0e-11 *

    0.0104
    0.2544
    0.2535
    0.2545
    0.2544
    0.2544
    0.2544
    0.2544
    0.2544
    0.2544
    0.2544


i =

    24


ans =

   1.0e-11 *

    0.0061
    0.1512
    0.1507
    0.1513
    0.1512
    0.1512
    0.1512
    0.1512
    0.1512
    0.1512
    0.1512


i =

   24.5000


ans =

   1.0e-12 *

    0.0354
    0.8992
    0.8961
    0.8995
    0.8992
    0.8992
    0.8992
    0.8992
    0.8992
    0.8992
    0.8992


i =

    25


ans =

   1.0e-12 *

    0.0206
    0.5349
    0.5331
    0.5350
    0.5349
    0.5349
    0.5349
    0.5349
    0.5349
    0.5349
    0.5349


i =

   25.5000


ans =

   1.0e-12 *

    0.0120
    0.3183
    0.3173
    0.3184
    0.3183
    0.3183
    0.3183
    0.3183
    0.3183
    0.3183
    0.3183


i =

    26


ans =

   1.0e-12 *

    0.0070
    0.1895
    0.1889
    0.1895
    0.1895
    0.1895
    0.1895
    0.1895
    0.1895
    0.1895
    0.1895


i =

   26.5000


ans =

   1.0e-12 *

    0.0041
    0.1128
    0.1125
    0.1128
    0.1128
    0.1128
    0.1128
    0.1128
    0.1128
    0.1128
    0.1128


i =

    27


ans =

   1.0e-13 *

    0.0241
    0.6721
    0.6702
    0.6722
    0.6720
    0.6721
    0.6721
    0.6721
    0.6721
    0.6721
    0.6721


i =

   27.5000


ans =

   1.0e-13 *

    0.0141
    0.4005
    0.3994
    0.4005
    0.4004
    0.4005
    0.4005
    0.4005
    0.4005
    0.4005
    0.4005


i =

    28


ans =

   1.0e-13 *

    0.0082
    0.2387
    0.2381
    0.2387
    0.2387
    0.2387
    0.2387
    0.2387
    0.2387
    0.2387
    0.2387


i =

   28.5000


ans =

   1.0e-13 *

    0.0048
    0.1423
    0.1420
    0.1423
    0.1423
    0.1423
    0.1423
    0.1423
    0.1423
    0.1423
    0.1423


i =

    29


ans =

   1.0e-14 *

    0.0284
    0.8488
    0.8467
    0.8489
    0.8488
    0.8488
    0.8488
    0.8488
    0.8488
    0.8488
    0.8488


i =

   29.5000


ans =

   1.0e-14 *

    0.0166
    0.5064
    0.5052
    0.5064
    0.5063
    0.5064
    0.5064
    0.5064
    0.5064
    0.5064
    0.5064


i =

    30


ans =

   1.0e-14 *

    0.0098
    0.3022
    0.3015
    0.3022
    0.3021
    0.3022
    0.3022
    0.3022
    0.3022
    0.3022
    0.3022


i =

   30.5000


ans =

   1.0e-14 *

    0.0057
    0.1804
    0.1800
    0.1804
    0.1803
    0.1804
    0.1804
    0.1804
    0.1804
    0.1804
    0.1804


i =

    31


ans =

   1.0e-14 *

    0.0034
    0.1077
    0.1074
    0.1077
    0.1077
    0.1077
    0.1077
    0.1077
    0.1077
    0.1077
    0.1077


i =

   31.5000


ans =

   1.0e-15 *

    0.0198
    0.6430
    0.6417
    0.6431
    0.6430
    0.6430
    0.6430
    0.6430
    0.6430
    0.6430
    0.6430


i =

    32


ans =

   1.0e-15 *

    0.0117
    0.3841
    0.3833
    0.3841
    0.3841
    0.3841
    0.3841
    0.3841
    0.3841
    0.3841
    0.3841


i =

   32.5000


ans =

   1.0e-15 *

    0.0069
    0.2295
    0.2290
    0.2295
    0.2295
    0.2295
    0.2295
    0.2295
    0.2295
    0.2295
    0.2295


i =

    33


ans =

   1.0e-15 *

    0.0040
    0.1371
    0.1369
    0.1372
    0.1371
    0.1371
    0.1371
    0.1371
    0.1371
    0.1371
    0.1371


i =

   33.5000


ans =

   1.0e-16 *

    0.0238
    0.8197
    0.8182
    0.8198
    0.8197
    0.8197
    0.8197
    0.8197
    0.8197
    0.8197
    0.8197


i =

    34


ans =

   1.0e-16 *

    0.0140
    0.4901
    0.4892
    0.4901
    0.4901
    0.4901
    0.4901
    0.4901
    0.4901
    0.4901
    0.4901


i =

   34.5000


ans =

   1.0e-16 *

    0.0083
    0.2930
    0.2925
    0.2931
    0.2930
    0.2930
    0.2930
    0.2930
    0.2930
    0.2930
    0.2930


i =

    35


ans =

   1.0e-16 *

    0.0049
    0.1753
    0.1750
    0.1753
    0.1753
    0.1753
    0.1753
    0.1753
    0.1753
    0.1753
    0.1753


i =

   35.5000


ans =

   1.0e-16 *

    0.0029
    0.1048
    0.1047
    0.1049
    0.1048
    0.1048
    0.1048
    0.1048
    0.1048
    0.1048
    0.1048


i =

    36


ans =

   1.0e-17 *

    0.0170
    0.6273
    0.6263
    0.6274
    0.6273
    0.6273
    0.6273
    0.6273
    0.6273
    0.6273
    0.6273


i =

   36.5000


ans =

   1.0e-17 *

    0.0100
    0.3754
    0.3748
    0.3754
    0.3754
    0.3754
    0.3754
    0.3754
    0.3754
    0.3754
    0.3754


i =

    37


ans =

   1.0e-17 *

    0.0059
    0.2247
    0.2244
    0.2247
    0.2247
    0.2247
    0.2247
    0.2247
    0.2247
    0.2247
    0.2247


i =

   37.5000


ans =

   1.0e-17 *

    0.0035
    0.1345
    0.1343
    0.1345
    0.1345
    0.1345
    0.1345
    0.1345
    0.1345
    0.1345
    0.1345


i =

    38


ans =

   1.0e-18 *

    0.0207
    0.8054
    0.8043
    0.8055
    0.8054
    0.8054
    0.8054
    0.8054
    0.8054
    0.8054
    0.8054


i =

   38.5000


ans =

   1.0e-18 *

    0.0122
    0.4823
    0.4816
    0.4823
    0.4823
    0.4823
    0.4823
    0.4823
    0.4823
    0.4823
    0.4823


i =

    39


ans =

   1.0e-18 *

    0.0072
    0.2889
    0.2885
    0.2889
    0.2889
    0.2889
    0.2889
    0.2889
    0.2889
    0.2889
    0.2889


i =

   39.5000


ans =

   1.0e-18 *

    0.0043
    0.1730
    0.1728
    0.1731
    0.1730
    0.1730
    0.1730
    0.1730
    0.1730
    0.1730
    0.1730


i =

    40


ans =

   1.0e-18 *

    0.0025
    0.1037
    0.1035
    0.1037
    0.1037
    0.1037
    0.1037
    0.1037
    0.1037
    0.1037
    0.1037

ll
{Undefined function or variable 'll'.
} 
format long
for i = linspace(0.5, 40, 80)
i
gather_data(i, 10)'
end

i =

   0.500000000000000


ans =

   1.0e+09 *

   0.000000000653288
   0.000000000559774
   0.000000009144717
   0.000000039377736
   0.000000387619849
   0.000003882355996
   0.000048133713381
   0.000686302131852
   0.011148518190272
   0.203083157155319
   4.101437568161875


i =

     1


ans =

   1.0e+06 *

   0.000000148495507
   0.000000219383934
   0.000000516374948
   0.000001690901699
   0.000007138204889
   0.000037007328052
   0.000227865869592
   0.001626246513912
   0.013206652554120
   0.120289439058173
   1.214671477064757


i =

   1.500000000000000


ans =

   1.0e+03 *

   0.000048733857692
   0.000100019582407
   0.000032205697681
   0.000276319955857
   0.000487648329095
   0.002058912620747
   0.007996738309399
   0.038581385046688
   0.208268158421773
   1.265322430795155
   8.517315238823768


i =

     2


ans =

   1.0e+02 *

   0.000187671309102
   0.000489005107081
   0.000150666898989
   0.000827343315172
   0.000356840413148
   0.002603618907653
   0.006066297674693
   0.023855487603402
   0.094404289193591
   0.432636767926491
   2.181409163331946


i =

   2.500000000000000


ans =

   0.007919081579290
   0.024914917870270
   0.014408038046411
   0.033320421729357
   0.008103910152095
   0.058536933306619
   0.058467680411876
   0.262689811036129
   0.747584508795284
   2.839308929358879
  11.342902606153610


i =

     3


ans =

   0.003547308361757
   0.013048381094197
   0.009360450103985
   0.015507001754339
   0.008950679993962
   0.019877882927923
   0.001065922695504
   0.046588823433164
   0.077758698843125
   0.288741036599357
   0.914926340907194


i =

   3.500000000000000


ans =

   0.001657683977400
   0.006970139857548
   0.005561515557965
   0.007775068028739
   0.005820242470133
   0.008612850410998
   0.004060195448580
   0.012897307732037
   0.006784567750348
   0.042764125481344
   0.096299870201922


i =

     4


ans =

   0.000799557312335
   0.003779352409849
   0.003206988694576
   0.004065534267485
   0.003421625087803
   0.004226511562406
   0.003086255723386
   0.005014629568788
   0.001271069038475
   0.009490762554501
   0.010638997522726


i =

   4.500000000000000


ans =

   0.000395265142673
   0.002073400754715
   0.001829581900652
   0.002181764689854
   0.001952996382338
   0.002207183390689
   0.001889078011817
   0.002365410261384
   0.001546344882948
   0.003140170974153
   0.000320414188738


i =

     5


ans =

   0.000199293808542
   0.001148295591275
   0.001040488439290
   0.001191418452069
   0.001105172730481
   0.001191418452069
   0.001094823243891
   0.001224536809159
   0.001024446735075
   0.001373900599635
   0.000692667033748


i =

   5.500000000000000


ans =

   1.0e-03 *

   0.102123302582247
   0.640926049865766
   0.591798819951847
   0.658790497107190
   0.624685643282652
   0.655690055850414
   0.624282988573980
   0.662498580924326
   0.609068630490926
   0.693682388114359
   0.544066118062335


i =

     6


ans =

   1.0e-03 *

   0.053042910615067
   0.360082452162660
   0.337131043119453
   0.367732921843729
   0.353707060761769
   0.365395278330069
   0.354592531789670
   0.366605422068201
   0.351252338301086
   0.373486679787809
   0.337523301318942


i =

   6.500000000000000


ans =

   1.0e-03 *

   0.027868470541766
   0.203429866839399
   0.192480833117214
   0.206798800292379
   0.200838379567876
   0.205423318586724
   0.201528420557335
   0.205515324051986
   0.200823952675394
   0.207081385216713
   0.197757133899447


i =

     7


ans =

   1.0e-03 *

   0.014787120611735
   0.115481731610339
   0.110164635601274
   0.117000901898643
   0.114396609975836
   0.116256818492126
   0.114795226086469
   0.116180891613910
   0.114670489072258
   0.116537283083087
   0.113959034300870


i =

   7.500000000000000


ans =

   1.0e-04 *

   0.079136894192973
   0.658308932670805
   0.632088636604537
   0.665301011621810
   0.653647546703468
   0.661416523315696
   0.655739991071028
   0.660750808341990
   0.655664488127952
   0.661520373623904
   0.653985080052801


i =

     8


ans =

   1.0e-04 *

   0.042672056438889
   0.376656228439251
   0.363552219536809
   0.379932230664862
   0.374608727048245
   0.377935916808630
   0.375664469952982
   0.377540013219354
   0.375758946945878
   0.377677792167326
   0.375366769011827


i =

   8.500000000000000


ans =

   1.0e-04 *

   0.023163341342394
   0.216211210434834
   0.209584925264530
   0.217770336357259
   0.215294077539290
   0.216750700373389
   0.215817700126712
   0.216541251338421
   0.215895839968005
   0.216549142059424
   0.215809750587783


i =

     9


ans =

   1.0e-04 *

   0.012648462760692
   0.124473541780063
   0.121087813272884
   0.125225925892770
   0.124055550606338
   0.124705759098800
   0.124313569849378
   0.124600257897201
   0.124359185103210
   0.124589271728060
   0.124343693723813


i =

   9.500000000000000


ans =

   1.0e-05 *

   0.069436529579416
   0.718477469238485
   0.701016771203739
   0.722153405666852
   0.716542765855133
   0.719495734177091
   0.717812917383816
   0.718976165197337
   0.718051101414651
   0.718886247279937
   0.718042962858623


i =

    10


ans =

   1.0e-05 *

   0.038302404656314
   0.415696892968535
   0.406616907016038
   0.417512890159034
   0.414788894373285
   0.416150892266160
   0.415415413404007
   0.415897560658085
   0.415533907220687
   0.415845341658872
   0.415546990572446


i =

  10.500000000000000


ans =

   1.0e-05 *

   0.021220602625250
   0.241031295943771
   0.236273891888097
   0.241937468144852
   0.240599785371828
   0.241236777168506
   0.240909964172975
   0.241113674811193
   0.240967572579400
   0.241086571884034
   0.240978136669408


i =

    11


ans =

   1.0e-05 *

   0.011803613122943
   0.140030030424744
   0.137520383423956
   0.140486329879433
   0.139822621581704
   0.140124307171581
   0.139976892621982
   0.140064468707473
   0.140004601910759
   0.140051085414623
   0.140010702084763


i =

  11.500000000000000


ans =

   1.0e-06 *

   0.065894827161563
   0.814982877067194
   0.801661475112884
   0.817299642624466
   0.813975587694468
   0.815420828968380
   0.814746763868294
   0.815129247381239
   0.814879499253419
   0.815064752996826
   0.814910983404778


i =

    12


ans =

   1.0e-06 *

   0.036909513643433
   0.475108182467251
   0.467996825576825
   0.476293408615655
   0.474614338238749
   0.475313950895793
   0.475001868779170
   0.475171341943234
   0.475065433123589
   0.475140629496941
   0.475080878490562


i =

  12.500000000000000


ans =

   1.0e-06 *

   0.020737799365769
   0.277394454400525
   0.273578361552316
   0.278005029256238
   0.277150224458239
   0.277492146377439
   0.277345999179975
   0.277422089506954
   0.277376497833632
   0.277407538385466
   0.277383884711085


i =

    13


ans =

   1.0e-06 *

   0.011684870964553
   0.162186621880143
   0.160128971077248
   0.162503183542127
   0.162064867394765
   0.162233450528366
   0.162164288217145
   0.162198869372755
   0.162178969861613
   0.162191983047958
   0.162182457520264


i =

  13.500000000000000


ans =

   1.0e-07 *

   0.066013477658938
   0.949511771514458
   0.938367461509812
   0.951162780404035
   0.948900286740540
   0.949738247356650
   0.949407760386933
   0.949566697342852
   0.949478725809089
   0.949534066541264
   0.949495094955826


i =

    14


ans =

   1.0e-07 *

   0.037385973959458
   0.556563111114519
   0.550502406164785
   0.557428926107339
   0.556253891474227
   0.556673546700338
   0.556514203926514
   0.556588015466015
   0.556548662727016
   0.556572510903110
   0.556556331230655


i =

  14.500000000000000


ans =

   1.0e-07 *

   0.021221705134382
   0.326604269050368
   0.323295579640763
   0.327060640003417
   0.326446899756213
   0.326658534324214
   0.326581065967758
   0.326615677017569
   0.326597878879943
   0.326608282993170
   0.326601473705589


i =

    15


ans =

   1.0e-07 *

   0.012072091119764
   0.191862789214787
   0.190050034722924
   0.192104489813702
   0.191782222348482
   0.191889644836889
   0.191851688890985
   0.191868064852551
   0.191859932572317
   0.191864523782948
   0.191861621512003


i =

  15.500000000000000


ans =

   1.0e-07 *

   0.006881081701484
   0.112821586854386
   0.111825102620830
   0.112950165465167
   0.112780109883166
   0.112834966522521
   0.112816234987132
   0.112824048379179
   0.112820296988088
   0.112822344802957
   0.112821093066712


i =

    16


ans =

   1.0e-08 *

   0.039296117051262
   0.664048724944107
   0.658553843366018
   0.664735585141368
   0.663834081132463
   0.664115801135246
   0.664022732920041
   0.664060306067733
   0.664042845951769
   0.664052071589154
   0.664046612808130


i =

  16.500000000000000


ans =

   1.0e-08 *

   0.022480852216376
   0.391192079682707
   0.388153160072796
   0.391560433574817
   0.391080457291158
   0.391225904649843
   0.391179369695056
   0.391197571192523
   0.391189376471376
   0.391193571868140
   0.391191166471871


i =

    17


ans =

   1.0e-08 *

   0.012882549181667
   0.230643198982166
   0.228957899686914
   0.230841469487490
   0.230584884127659
   0.230660350409962
   0.230636943755558
   0.230645822141711
   0.230641945702585
   0.230643870450882
   0.230642800132653


i =

  17.500000000000000


ans =

   1.0e-08 *

   0.007393944474831
   0.136091721567682
   0.135154672320058
   0.136198812910268
   0.136061124041229
   0.136100463718097
   0.136088624348678
   0.136092983291922
   0.136091135971041
   0.136092026348247
   0.136091545701869


i =

    18


ans =

   1.0e-09 *

   0.042500951334499
   0.803609034482869
   0.798386133335848
   0.804189356832538
   0.803447833830183
   0.803653812441948
   0.803593610963630
   0.803615143080990
   0.803606278089297
   0.803610429229960
   0.803608252035448


i =

  18.500000000000000


ans =

   1.0e-09 *

   0.024464420342852
   0.474857183006910
   0.471939306581199
   0.475172629106987
   0.474771927304186
   0.474880225088727
   0.474849460795706
   0.474860158784898
   0.474855876532289
   0.474857826221653
   0.474856831918521


i =

    19


ans =

   1.0e-09 *

   0.014101113322197
   0.280782909706080
   0.279149203207308
   0.280954878811214
   0.280737654678413
   0.280794818923887
   0.280779023540269
   0.280784367842997
   0.280782286377724
   0.280783208512568
   0.280782750899451


i =

  19.500000000000000


ans =

   1.0e-09 *

   0.008138134098554
   0.166132010490937
   0.165215402235371
   0.166226021594071
   0.166107905079876
   0.166138191365567
   0.166130045289772
   0.166132728951577
   0.166131711236533
   0.166132150266959
   0.166131938108988


i =

    20


ans =

   1.0e-10 *

   0.047024282154287
   0.983552529064991
   0.978399645008895
   0.984067817470601
   0.983423706963589
   0.983584734590342
   0.983542545352133
   0.983556087775543
   0.983551083842041
   0.983553187225159
   0.983552196762342


i =

  20.500000000000000


ans =

   1.0e-10 *

   0.027203217640488
   0.582627448889630
   0.579725220851414
   0.582910593088480
   0.582558389328935
   0.582644292684922
   0.582622354668615
   0.582629220444067
   0.582626746993545
   0.582627760739595
   0.582627295278019


i =

    21


ans =

   1.0e-10 *

   0.015754179376367
   0.345320126714676
   0.343682601516984
   0.345476081495409
   0.345282994624026
   0.345328967688641
   0.345317516522363
   0.345321012816829
   0.345319783996865
   0.345320275357560
   0.345320055239204


i =

  21.500000000000000


ans =

   1.0e-10 *

   0.009133283669252
   0.204776268826204
   0.203850754267003
   0.204862363203804
   0.204756246877925
   0.204780925093246
   0.204774926088732
   0.204776714054984
   0.204776100629706
   0.204776340079545
   0.204776235360577


i =

    22


ans =

   1.0e-10 *

   0.005300214659271
   0.121493789562044
   0.120969847395840
   0.121541420668062
   0.121482964310676
   0.121496249846446
   0.121493096209167
   0.121494014240909
   0.121493706612936
   0.121493823903269
   0.121493773799536


i =

  22.500000000000000


ans =

   1.0e-11 *

   0.030787636861558
   0.721166995411833
   0.718196310444827
   0.721431056297789
   0.721108315214954
   0.721180035455584
   0.721163402155333
   0.721168133920344
   0.721166584426860
   0.721167161779975
   0.721166920746355


i =

    23


ans =

   1.0e-11 *

   0.017900200072645
   0.428268479566567
   0.426581641458291
   0.428415161141200
   0.428236592267734
   0.428275411588053
   0.428266610934689
   0.428269058763826
   0.428268275030058
   0.428268560563719
   0.428268444005555


i =

  23.500000000000000


ans =

   1.0e-11 *

   0.010416490255038
   0.254440727741037
   0.253481534556805
   0.254522361203525
   0.254423358919232
   0.254444423235039
   0.254439752759641
   0.254441023514392
   0.254440625514568
   0.254440767361746
   0.254440710716059


i =

    24


ans =

   1.0e-11 *

   0.006066683278325
   0.151230589399971
   0.150684418314282
   0.151276103657111
   0.151221107263066
   0.151232564845159
   0.151230079076630
   0.151230740987952
   0.151230538098985
   0.151230608868861
   0.151230581208494


i =

  24.500000000000000


ans =

   1.0e-12 *

   0.035361684438538
   0.899223966845361
   0.896109978836086
   0.899478169948159
   0.899172088661117
   0.899234554229901
   0.899221287588866
   0.899224746457851
   0.899223708390394
   0.899224062928137
   0.899223927243859


i =

    25


ans =

   1.0e-12 *

   0.020627779064539
   0.534889975534022
   0.533112318719307
   0.535032188079199
   0.534861533024987
   0.534895664035829
   0.534888564785574
   0.534890377824870
   0.534889844835004
   0.534890023150696
   0.534889956300835


i =

  25.500000000000000


ans =

   1.0e-12 *

   0.012041952131656
   0.318289959808291
   0.317273944700440
   0.318369647267730
   0.318274334816244
   0.318293023532221
   0.318289214902864
   0.318290168061420
   0.318289893476223
   0.318289983500747
   0.318289950426146


i =

    26


ans =

   1.0e-12 *

   0.007034835588783
   0.189468588567498
   0.188887217490113
   0.189513309419605
   0.189459988403632
   0.189470242445165
   0.189468194181286
   0.189468696705653
   0.189468554786087
   0.189468600401488
   0.189468583971392


i =

  26.500000000000000


ans =

   1.0e-12 *

   0.004112558163897
   0.112824013108625
   0.112490979085776
   0.112849147751858
   0.112819270723109
   0.112824907898344
   0.112823803761596
   0.112824069427180
   0.112823995847153
   0.112824019041410
   0.112824010847914


i =

    27


ans =

   1.0e-13 *

   0.024058040377159
   0.672063743526205
   0.670153944393411
   0.672205210128634
   0.672037546007237
   0.672068594918606
   0.672062629502765
   0.672064037670984
   0.672063655041224
   0.672063773375394
   0.672063732362690


i =

  27.500000000000000


ans =

   1.0e-13 *

   0.014082772970336
   0.400459719045793
   0.399363408323106
   0.400539450734716
   0.400445222375080
   0.400462354804105
   0.400459124802101
   0.400459873096064
   0.400459673546783
   0.400459734115195
   0.400459713512350


i =

    28


ans =

   1.0e-13 *

   0.008248709768776
   0.238694151193374
   0.238064194915409
   0.238739148070371
   0.238686116036767
   0.238695586042768
   0.238693833476722
   0.238694232086669
   0.238694127728043
   0.238694158826376
   0.238694148440606


i =

  28.500000000000000


ans =

   1.0e-13 *

   0.004834421113430
   0.142316303741993
   0.141953975087378
   0.142341730314246
   0.142311842939843
   0.142317086338861
   0.142316133492849
   0.142316346328366
   0.142316291605367
   0.142316307620636
   0.142316302367738


i =

    29


ans =

   1.0e-14 *

   0.028350107467030
   0.848775977835357
   0.846690065622985
   0.848919833850003
   0.848751175074211
   0.848780254173485
   0.848775063583757
   0.848776202584638
   0.848775914888726
   0.848775997605109
   0.848775970951443


i =

  29.500000000000000


ans =

   1.0e-14 *

   0.016634445468183
   0.506352403071440
   0.505150479834348
   0.506433889392599
   0.506338591830566
   0.506354743959724
   0.506351911088140
   0.506352521965163
   0.506352370336686
   0.506352413178243
   0.506352399611855


i =

    30


ans =

   1.0e-14 *

   0.009765564559125
   0.302155201068881
   0.301462043811930
   0.302201411552678
   0.302147499321582
   0.302156484693431
   0.302154935786474
   0.302155264109109
   0.302155184001429
   0.302155206250604
   0.302155199324726


i =

  30.500000000000000


ans =

   1.0e-14 *

   0.005736066829942
   0.180351973584246
   0.179951891798889
   0.180378208455416
   0.180347672785693
   0.180352678633189
   0.180351830262821
   0.180352007084018
   0.180351964663232
   0.180351976248288
   0.180351972702236


i =

    31


ans =

   1.0e-14 *

   0.003370944798698
   0.107676703861624
   0.107445595331634
   0.107691614089365
   0.107674298986182
   0.107677091744760
   0.107676626284997
   0.107676721701826
   0.107676699187392
   0.107676705234955
   0.107676703414276


i =

  31.500000000000000


ans =

   1.0e-15 *

   0.019819960328134
   0.643026995749940
   0.641690947463565
   0.643111824212567
   0.643013530914603
   0.643029133025391
   0.643026575079852
   0.643027090955357
   0.643026971201535
   0.643027002847997
   0.643026993474523


i =

    32


ans =

   1.0e-15 *

   0.011658993286686
   0.384096180122507
   0.383323220799442
   0.384144490080198
   0.384088631691617
   0.384097359564833
   0.384095951605556
   0.384096231032029
   0.384096167200760
   0.384096183800390
   0.384096178961913


i =

  32.500000000000000


ans =

   1.0e-15 *

   0.006861517623215
   0.229483241921465
   0.229035725217002
   0.229510781410971
   0.229479005076926
   0.229483893743702
   0.229483117573838
   0.229483269197719
   0.229483235104775
   0.229483243831833
   0.229483241327903


i =

    33


ans =

   1.0e-15 *

   0.004039933188562
   0.137138434844875
   0.136879154095502
   0.137154148829685
   0.137136053938085
   0.137138795588328
   0.137138367068832
   0.137138449486620
   0.137138431241154
   0.137138435839510
   0.137138434540518


i =

  33.500000000000000


ans =

   1.0e-16 *

   0.023796732323033
   0.819712905621926
   0.818209658327749
   0.819802651729041
   0.819699510680565
   0.819714904866905
   0.819712535612407
   0.819712984362516
   0.819712886531041
   0.819712910812411
   0.819712904057354


i =

    34


ans =

   1.0e-16 *

   0.014023103320137
   0.490067611839279
   0.489195482574297
   0.490118913560749
   0.490060067468475
   0.490068721305574
   0.490067409524837
   0.490067654260049
   0.490067601705491
   0.490067614553965
   0.490067611033023


i =

  34.500000000000000


ans =

   1.0e-16 *

   0.008267027189341
   0.293048338512172
   0.292542032499651
   0.293077689585362
   0.293044084733449
   0.293048955001842
   0.293048227722724
   0.293048361405550
   0.293048333122492
   0.293048339935060
   0.293048338095702


i =

    35


ans =

   1.0e-16 *

   0.004875599247583
   0.175270593899474
   0.174976477665764
   0.175287400541400
   0.175268192950627
   0.175270936892166
   0.175270533140768
   0.175270606275210
   0.175270591027535
   0.175270594646841
   0.175270593683849


i =

  35.500000000000000


ans =

   1.0e-16 *

   0.002876571867585
   0.104848685261912
   0.104677726710626
   0.104858316729590
   0.104847328717169
   0.104848876324552
   0.104848651893226
   0.104848691962939
   0.104848683728760
   0.104848685655266
   0.104848685150023


i =

    36


ans =

   1.0e-17 *

   0.016977996313655
   0.627333900976226
   0.626339592492754
   0.627389140336419
   0.627326228842865
   0.627334966550304
   0.627333717460690
   0.627333937317564
   0.627333892777042
   0.627333903050637
   0.627333900394358


i =

  36.500000000000000


ans =

   1.0e-17 *

   0.010024372431986
   0.375417192621753
   0.374838560135277
   0.375448898511423
   0.375412849349195
   0.375417787590596
   0.375417091558552
   0.375417212361008
   0.375417188229270
   0.375417193717837
   0.375417192318515


i =

    37


ans =

   1.0e-17 *

   0.005920839045036
   0.224702069758857
   0.224365148051328
   0.224720281743048
   0.224699608679913
   0.224702402337093
   0.224702014029531
   0.224702080496592
   0.224702067401730
   0.224702070339098
   0.224702069600500


i =

  37.500000000000000


ans =

   1.0e-17 *

   0.003498328100467
   0.134516472054250
   0.134320184338474
   0.134526940732425
   0.134515076230493
   0.134516658164084
   0.134516441284091
   0.134516477903889
   0.134516470787269
   0.134516472361977
   0.134516471971386


i =

    38


ans =

   1.0e-18 *

   0.020676885425669
   0.805410691429076
   0.804266525810164
   0.805470910672177
   0.805402767844458
   0.805411734005999
   0.805410521324420
   0.805410723341749
   0.805410684608018
   0.805410693063990
   0.805410690994622


i =

  38.500000000000000


ans =

   1.0e-18 *

   0.012225122839056
   0.482315210482101
   0.481647927185327
   0.482349874549465
   0.482310708655170
   0.482315795134949
   0.482315116330213
   0.482315227916174
   0.482315206804112
   0.482315211352215
   0.482315210253884


i =

    39


ans =

   1.0e-18 *

   0.007230381976340
   0.288877930152270
   0.288488570110024
   0.288897897333924
   0.288875370257187
   0.288878258343948
   0.288877877978209
   0.288877939689464
   0.288877928166047
   0.288877930616134
   0.288877930032166


i =

  39.500000000000000


ans =

   1.0e-18 *

   0.004277654045747
   0.173047713705358
   0.172820409917182
   0.173059222757924
   0.173046256863261
   0.173047898115750
   0.173047684759929
   0.173047718929482
   0.173047712631150
   0.173047713953054
   0.173047713642036


i =

    40


ans =

   1.0e-18 *

   0.002531530237124
   0.103677326145166
   0.103544565074688
   0.103683964198690
   0.103676496388475
   0.103677429864752
   0.103677310068630
   0.103677329010419
   0.103677325563364
   0.103677326277643
   0.103677326111722

diary off
